Evaluating file ../input/Amazon0302.txt
5106798
4173738
4120363
4140567
4152945
128,1024,2,5278209
Evaluating file ../input/Amazon0302.txt
5124619
4176444
4166593
4127229
4169425
128,1024,4,5292189
Evaluating file ../input/Amazon0302.txt
5127207
4189550
4162572
4111739
4156666
128,1024,8,5288874
Evaluating file ../input/Amazon0302.txt
5098675
4158478
4114500
4162954
4101758
256,1024,2,5266600
Evaluating file ../input/Amazon0302.txt
5098662
4168610
4156221
4106310
4132216
256,1024,4,5271731
Evaluating file ../input/Amazon0302.txt
5122606
4186634
4167009
4116831
4165441
256,1024,8,5291031
Evaluating file ../input/Amazon0302.txt
5137547
4127643
4134120
4145707
4096762
512,1024,2,5267683
Evaluating file ../input/Amazon0302.txt
5112026
4172229
4186383
4113163
4180979
512,1024,4,5292283
Evaluating file ../input/Amazon0302.txt
5155765
4198742
4203157
4165055
4201667
512,1024,8,5324204
