Evaluating file ../input/rmat_S14_EF16.txt
46536711
44684502
44641280
44475705
44395009
7200,1024,2,45885968
Evaluating file ../input/rmat_S14_EF16.txt
46678684
45099214
44625524
44609513
44588087
7200,1024,4,46059531
Evaluating file ../input/rmat_S14_EF16.txt
46308489
45038668
44837047
43940430
43969085
7200,1024,8,45758071
Evaluating file ../input/rmat_S14_EF16.txt
45016196
44117660
45267453
45200710
45129556
8192,1024,2,45885642
Evaluating file ../input/rmat_S14_EF16.txt
46115635
45733065
45527956
44141620
43860110
8192,1024,4,46015004
Evaluating file ../input/rmat_S14_EF16.txt
45709188
44407495
44167567
44177003
44236018
8192,1024,8,45478781
Evaluating file ../input/rmat_S14_EF16.txt
45302564
44230381
44019533
43933270
44042024
16384,1024,2,45244881
Evaluating file ../input/rmat_S14_EF16.txt
46171123
44832315
44698309
44527392
44403877
16384,1024,4,45865930
Evaluating file ../input/rmat_S14_EF16.txt
46664543
45102076
44995524
45831168
46367388
16384,1024,8,46731467
