Evaluating file ../input/rmat_S14_EF8.txt
14463673
13461695
13450301
13437683
13411466
3200,1024,2,14584291
Evaluating file ../input/rmat_S14_EF8.txt
14540441
13557129
13472218
13439967
13428666
3200,1024,4,14627011
Evaluating file ../input/rmat_S14_EF8.txt
14642814
13591327
13599580
13619024
13623224
3200,1024,8,14754521
Evaluating file ../input/rmat_S14_EF8.txt
14485597
13466731
13439321
13441952
13405502
4096,1024,2,14587148
Evaluating file ../input/rmat_S14_EF8.txt
14569869
13606821
13503747
13461826
13448050
4096,1024,4,14657390
Evaluating file ../input/rmat_S14_EF8.txt
14636417
13596339
13609151
13619180
13627100
4096,1024,8,14756964
Evaluating file ../input/rmat_S14_EF8.txt
15006569
14025139
13974775
14032940
13915991
8192,1024,2,15130410
Evaluating file ../input/rmat_S14_EF8.txt
14922420
13927742
13882685
13824430
13842191
8192,1024,4,15019221
Evaluating file ../input/rmat_S14_EF8.txt
15116055
14029576
14040737
14106693
14030367
8192,1024,8,15204013
