Evaluating file ../input/road-net-ca.txt
3287682
2347351
2343303
2333572
2311155
64,1024,2,3463940
Evaluating file ../input/road-net-ca.txt
3275672
2356373
2305405
2371627
2333970
64,1024,4,3467936
Evaluating file ../input/road-net-ca.txt
3286870
2338900
2323024
2388821
2324654
64,1024,8,3471781
Evaluating file ../input/road-net-ca.txt
3292074
2340874
2342711
2331676
2308674
128,1024,2,3462529
Evaluating file ../input/road-net-ca.txt
3287118
2346055
2298452
2354692
2329130
128,1024,4,3462416
Evaluating file ../input/road-net-ca.txt
3258159
2381021
2296448
2323730
2364618
128,1024,8,3464122
Evaluating file ../input/road-net-ca.txt
3275986
2342475
2331507
2325780
2299101
256,1024,2,3454297
Evaluating file ../input/road-net-ca.txt
3286418
2340550
2344258
2336422
2314781
256,1024,4,3463813
Evaluating file ../input/road-net-ca.txt
3295967
2354402
2320854
2351995
2345414
256,1024,8,3473053
