Evaluating file ../input/twitter.txt
120431002
117095894
116535924
116471670
116532806
5600,1024,2,118352786
Evaluating file ../input/twitter.txt
117717444
116417162
116052052
116384778
115790986
5600,1024,4,117411811
Evaluating file ../input/twitter.txt
118205502
116779700
116561735
116798351
116543106
5600,1024,8,117917006
Evaluating file ../input/twitter.txt
125367222
116608486
115500597
117525325
117375977
8192,1024,2,119414848
Evaluating file ../input/twitter.txt
117331473
115428737
115876292
115253350
115856223
8192,1024,4,116888542
Evaluating file ../input/twitter.txt
117808821
115252515
115444249
115400704
115322816
8192,1024,8,116785148
Evaluating file ../input/twitter.txt
117229078
116020949
116000916
115532699
115967672
16384,1024,2,117089590
Evaluating file ../input/twitter.txt
117773123
116001630
116248799
116055873
116321825
16384,1024,4,117419577
Evaluating file ../input/twitter.txt
117936905
115847869
116139041
116166392
116290529
16384,1024,8,117415474
