Evaluating file ../input/wiki.txt
8073294
7062197
7083319
7050954
7046694
554,1024,2,8202619
Evaluating file ../input/wiki.txt
8057663
7079561
7054044
7064282
7093759
554,1024,4,8209189
Evaluating file ../input/wiki.txt
8030065
7132217
7087788
7108480
7071788
554,1024,8,8225395
Evaluating file ../input/wiki.txt
8054397
7068312
7081530
7051616
7045267
1024,1024,2,8199551
Evaluating file ../input/wiki.txt
8065741
7082458
7063415
7062226
7095810
1024,1024,4,8213257
Evaluating file ../input/wiki.txt
8032154
7146818
7105125
7120563
7098641
1024,1024,8,8239987
Evaluating file ../input/wiki.txt
8071249
7074882
7087617
7067853
7034873
2048,1024,2,8206622
Evaluating file ../input/wiki.txt
8110904
7114219
7085589
7101414
7120526
2048,1024,4,8245857
Evaluating file ../input/wiki.txt
8081154
7166530
7162205
7139232
7148262
2048,1024,8,8278804
